6.909739375114440918e-01
3.328164702653884643e-01
2.836710591763257905e-01
2.850178695768117998e-01
2.809081697985529869e-01
2.838033623173832898e-01
2.811276619732380189e-01
2.797480350360274093e-01
2.784012295976281415e-01
2.777192457802593606e-01
2.776176470182836198e-01
2.777616208568215450e-01
2.741912378445267584e-01
2.711207817867398173e-01
2.679146928116679094e-01
2.559953626058995568e-01
2.146913884505629588e-01
6.547353742085397499e-02
7.570232563815079696e-02
7.373178452107822731e-03
1.752540369725466085e-03
2.007328333060650130e-02
3.504312710636441064e-03
1.879225457361701629e-02
1.477749519281366074e-02
2.865604793822143330e-03
2.850797432524274175e-03
7.870556194146206830e-03
1.357694012487531437e-06
9.285435434813749546e-08
5.666504070245270591e-08
2.628935775839114057e-08
4.191468293740800190e-03
1.414912777347732142e-08
1.922269255576672040e-02
2.828923700863176637e-03
5.548836493757258571e-09
3.790351980642592339e-09
3.219227088235854041e-09
2.614556484759056424e-09
1.534675724279566012e-09
1.623881274698257927e-09
8.145100911015896029e-05
1.192628459878442098e-09
8.737156051985551139e-10
8.701195875204791958e-10
9.653605597126358800e-10
5.700192017565885641e-10
5.554982387134810428e-10
4.755558202784726808e-10
