7.001318931579589844e-01
3.470844303667545150e-01
2.884408138990402493e-01
2.851806398332119019e-01
2.813200236856937542e-01
2.787190528512000776e-01
2.755375571697950554e-01
2.644094890952110033e-01
2.289739515408873438e-01
1.598535522073507298e-01
1.135168732497841143e-01
6.126776872016489323e-02
2.792657756479456979e-02
1.203309532161802101e-02
1.168056821354548393e-02
4.688436143143917545e-03
2.130979608504276340e-02
5.951087490282952475e-02
2.537929568863764862e-01
3.008583006486296729e-01
3.003522423803806074e-01
2.800259586200117834e-01
9.134396992251277159e-02
6.214213100168854143e-02
1.084476060678571212e-02
4.689151861947721441e-03
1.211030601459697162e-04
4.453704398326920229e-03
1.088513531792045829e-05
1.659095225492627796e-03
3.391939770144036803e-02
2.928224677957445062e-03
1.259535097300812354e-05
1.258907707827550165e-06
1.360664502364494723e-07
2.911520936901834743e-08
1.350697248356236211e-08
8.100300510002767161e-09
5.703703436457652051e-09
4.366798578792074912e-09
3.472421982383955225e-09
2.945637204890272457e-09
2.460264860122685029e-09
2.098772826208267118e-09
1.860363963636368935e-09
1.679457804121958691e-09
1.521007348778691283e-09
1.447427795710221033e-09
1.321129178943891605e-09
1.199165726085971086e-09
