6.959502100944519043e-01
4.987064132094383151e-01
4.796673064231872785e-01
4.793925604820251651e-01
4.784789401739835690e-01
4.789751085937022923e-01
4.782990381121635659e-01
4.757590352296829361e-01
4.759705515801906373e-01
4.781959814280271615e-01
4.787028105556964674e-01
4.797363602817058537e-01
4.778204841613769571e-01
3.148531583249569166e-01
2.857907870113849391e-01
2.823430076837539771e-01
2.795374065402429498e-01
2.760122530162334442e-01
2.722893524840473978e-01
1.642751300111413015e-01
5.217854951694607391e-02
2.218031162582337693e-02
8.912636600085534905e-03
8.335657333722337747e-03
2.461881696508498845e-03
2.771646222579875109e-03
6.582260922514251772e-04
3.055620098020881228e-04
3.807062007399508903e-04
3.397898560860994691e-03
7.474017619324513991e-05
5.264736539279056202e-03
1.646822629402322567e-05
1.195360116550591573e-02
6.402143305535900743e-06
4.426897663236672997e-03
1.398623784674683183e-03
7.849466299990836925e-06
3.388732253640984720e-03
5.310820367938617663e-07
2.892047471645397863e-07
3.246858060323454601e-03
1.998452076873214118e-06
1.000531417055805474e-07
6.238201118125009120e-08
3.272330868953065828e-08
4.444413305970673390e-08
1.938118728594950858e-08
1.275267486622322355e-08
1.113534894589540706e-08
