6.969713568687438965e-01
3.140613621622324048e-01
2.871450112015008771e-01
2.851712890863418726e-01
2.830409080982208003e-01
2.802118236497044834e-01
2.757955180257558592e-01
2.706313853561878036e-01
2.617219167575239869e-01
2.611939120665192626e-01
2.485951284356415214e-01
2.395457226168364318e-01
2.337791889365762599e-01
2.274831235967576526e-01
2.190454645212739637e-01
2.167967917569912917e-01
2.099058710988611076e-01
2.068724633527453949e-01
2.042273988019442099e-01
1.991591734774410816e-01
1.936638434261549191e-01
1.936460157746332789e-01
1.853889583015697895e-01
1.867480207613552989e-01
1.788472068418632266e-01
1.725231827200332246e-01
1.703660652768012318e-01
1.703777611821569726e-01
1.674329391216742846e-01
1.601571545706392541e-01
1.645682231151004149e-01
1.590961363612805046e-01
1.533907192100741612e-01
1.509010897722910249e-01
1.531751284543388381e-01
1.517435249216869120e-01
1.482687872974056409e-01
1.531765844123001430e-01
1.406691310632086356e-01
1.408680277232670086e-01
1.454294675826022232e-01
1.424411091046931810e-01
1.433065613834733076e-01
1.401794595071078342e-01
1.350972515390458373e-01
1.391573771033436102e-01
1.354321297723399820e-01
1.340283532835946922e-01
1.375831083045177261e-01
1.277885090256931921e-01
1.308768508889879834e-01
1.385792335389196550e-01
1.328118040151293755e-01
1.247573403655587720e-01
1.263573604205448508e-01
1.274990032916066274e-01
1.253620532778240981e-01
1.198135220271924484e-01
1.260902803066601408e-01
1.196662426785414929e-01
1.246833771689880438e-01
1.245047079923860961e-01
1.263039523599327474e-01
1.212704885368948438e-01
1.214997959321317406e-01
1.223101332898377247e-01
1.165670734923405644e-01
1.214740395908766035e-01
1.191700286203722509e-01
1.212576641720188447e-01
1.119504288660018582e-01
1.179587006205747440e-01
1.180161536644773190e-01
1.177916801820592801e-01
1.155673215792094172e-01
1.181323942596154697e-01
1.151083633033949810e-01
1.171977113964840084e-01
1.207117395474624627e-01
1.202252361444889200e-01
1.124483473687041685e-01
1.150968528157882281e-01
1.117945640126808970e-01
1.128146747204182287e-01
1.113856965264967552e-01
1.059533641092612055e-01
1.120129548683366921e-01
1.106031714963501139e-01
1.103790905902956171e-01
1.098486944008445765e-01
1.139659325893771918e-01
1.080355708763927336e-01
1.055636495045800954e-01
1.073301431111635812e-01
1.099256053324343119e-01
1.089797218680851054e-01
1.055078406188244972e-01
1.059263753731638641e-01
1.069709295996831289e-01
1.067569053940851526e-01
1.043926657157612653e-01
1.069667638263454151e-01
1.121708918240637981e-01
1.039664990730498201e-01
1.054403074099996007e-01
1.035355010737180198e-01
1.073817952323788683e-01
1.013505090699832190e-01
1.077558994185606051e-01
1.089563763271132746e-01
1.026114011506058382e-01
1.051587204200977732e-01
1.023615753476658508e-01
1.043683561814050392e-01
1.033287255587329173e-01
1.064166530828531410e-01
1.002682462098023336e-01
1.013686092526568244e-01
1.019477988596979717e-01
9.830267369582179615e-02
1.049471556707858300e-01
1.017166708026022715e-01
1.039348844242972553e-01
9.961164648041404002e-02
9.830844975414652909e-02
9.844943196133999763e-02
1.005058427105268437e-01
1.023356881763929777e-01
1.007957906912265583e-01
9.863363298251193179e-02
9.996267840876453536e-02
9.720836744880193003e-02
9.837105935096679410e-02
9.599376577149246192e-02
1.001862060977530278e-01
1.020818003164231380e-01
9.985143785681543926e-02
9.906454122926083850e-02
9.605899847229011634e-02
9.675689152239511093e-02
1.001509424301777890e-01
1.021203050395631667e-01
1.009877935337481214e-01
9.931462347116348788e-02
9.986929950659896582e-02
9.668509123441572373e-02
9.417636023050431071e-02
9.944404854179651754e-02
9.053644424029812232e-02
9.113521228932336404e-02
9.814858691934046087e-02
9.298655069806135987e-02
9.480076238387244447e-02
9.826716545378326451e-02
9.441720791606872387e-02
9.644288068976447637e-02
9.271156081771322888e-02
9.677422952859819627e-02
9.269783162113254260e-02
9.216600842848310382e-02
9.663347600369126544e-02
9.555312371659521742e-02
9.355746499424640039e-02
9.668863348398587521e-02
9.451280363878311608e-02
9.138091193456636396e-02
9.586439645756195116e-02
9.132232152659583435e-02
8.984673952540424280e-02
9.135666546136962662e-02
9.696619320530146247e-02
8.946320129132367960e-02
9.404041553809407150e-02
9.465256760752641108e-02
9.795184920124097583e-02
9.350659684264997495e-02
9.515270550701529495e-02
9.138058229586999703e-02
9.527217235341299550e-02
8.753896242196423927e-02
8.866535584995539898e-02
9.268887530256847418e-02
8.936076660208823463e-02
9.659677839433493396e-02
9.660287235496639591e-02
8.896248786303749545e-02
9.473277405024828346e-02
9.337548451104794867e-02
8.875702320152299707e-02
8.830504062676300392e-02
9.120999709817079193e-02
9.431195323916438666e-02
8.828974444115227083e-02
8.913185175582612196e-02
8.887099876599154069e-02
9.155255278893401072e-02
9.217963093249637030e-02
8.993213277501467540e-02
8.750988288525810010e-02
9.002791529869114129e-02
9.017504731962321107e-02
8.833655501637110996e-02
8.813550208399920094e-02
8.371452615592954449e-02
8.645388138689417967e-02
9.256386439899268181e-02
8.832865313374235749e-02
8.819341554672269212e-02
9.796152264108400065e-02
8.723639755188855593e-02
9.015283586163456986e-02
8.879321280783847303e-02
9.089059812887080592e-02
8.789065676525217863e-02
8.756988019792379119e-02
8.703060735571671591e-02
9.218442010333671721e-02
8.803889673904427560e-02
8.981242899769585619e-02
9.020390673027600670e-02
8.735695629530902673e-02
8.487168867604702460e-02
9.018170742686811014e-02
9.015975940092038621e-02
8.765765358603221091e-02
8.863451755012238809e-02
8.920578826009376017e-02
8.712762838513003760e-02
8.627816001316705730e-02
8.730737996239247567e-02
8.968188078801904439e-02
8.822738077961229941e-02
8.875111816463356063e-02
9.234354076234535524e-02
8.429493469359056190e-02
9.008952011838221308e-02
8.657400263196768364e-02
8.972897259251698399e-02
8.892378169401331245e-02
8.664703023531251935e-02
8.651018410289680605e-02
8.949179573385231123e-02
8.110439695971331797e-02
8.953532531252733628e-02
8.623885034771228142e-02
8.913530481037765241e-02
8.566614000682011565e-02
9.015424345847440624e-02
8.877944947052446301e-02
8.804465450795975756e-02
9.047597063175850940e-02
8.773415458182023952e-02
8.591248253555885950e-02
8.857020663172238129e-02
8.904160521870176093e-02
8.820892764529662811e-02
8.805348464506335127e-02
8.990151912643887244e-02
8.372751654659565945e-02
8.487043840098953962e-02
8.882209627194913304e-02
8.956150948303161219e-02
8.639588691431379641e-02
8.170505805145467093e-02
9.002857988668847011e-02
8.733986729865568510e-02
8.652650697478611597e-02
8.284600019555364570e-02
8.644844035736491683e-02
8.788226088714737316e-02
8.962752217150579681e-02
8.450430109850821936e-02
8.595089188637121402e-02
8.975699492364366816e-02
8.582267724914459384e-02
8.962989960124854993e-02
8.623236982845423892e-02
8.852914579513333770e-02
8.695182563872208559e-02
8.115252683729874683e-02
8.432826638900883798e-02
8.879929870666217195e-02
9.153945787461589823e-02
8.559009218625851512e-02
8.962987254472568055e-02
8.650385347531812374e-02
8.955905869573746458e-02
8.474813027885944039e-02
8.426476857879992843e-02
8.990478643684275684e-02
8.794182897233622509e-02
8.948146192893216555e-02
8.792056114922729149e-02
8.854658631371126187e-02
9.071967710032709242e-02
8.551195061853127111e-02
8.753947743612207344e-02
8.289698909250728387e-02
8.812454646906781042e-02
8.552162706640206724e-02
